26

19

20

135

152

144

49

206

159

156

93

162

2

226

48

166

217

150

51

155

158

86

40

131

1

14

239

204

74

97

129

151

238

149

94

189

50

146

98

30

145

5

83

193

38

110

10

213

39

56

233

219

77

222

195

164

169

58

62

22

108

235

121

178

73

107

134

18

11

190

8

44

15

95

120

96

227

35

25

188

176

229

174

197

157

221

72

187

207

105

79

148

140

21

216

177

29

167

47

12

220

160

163

87

218

4

112

6

59

154

118

57

37

3

99

28

24

70

76

126

147

46

224

225

180

36

53

117

9

61

27

165

68

115

182

17

175

142

55

13

215

90

209

244

246

106

128

173

66

240

211

31

184

85

194

139

232

7

210

116

127

191

113

241

23

122

185

119

231

60

228

183

170

71

223

109

123

234

200

65

104

133

205

92

89

34

138

230

249

114

78

75

143

237

16

136

81

179

214

91

196

242

171

141

168

32

186

54

67

52

243

248

103

132

236

80

181

69

63

45

33

82

43

102

124

64

153

111

88

137

203

130

101

202

212

84

199

208

125

41

198

192

42

100

172

245

201

161

247

